general-projectname	general-readlength	general-readlengthr2	general-runname	general-samplename	subsample-rawreads	subsample-subsampledreads	fastqc-meanreadqualityR1	fastqc-meanreadqualityR2	fastqc-pct-adapter	fastqc-pct-deduplicated	fastqc-pct-dimer	fastqc-pct-gc	fastqc-sequencelength	fastqc-totalsequences	insert-meanfragmentsize	insert-stdevfragmentsize	hisat2alignmentplot-concordant	hisat2alignmentplot-pct_aligned	hisat2alignmentplot-pct_concordant	hisat2alignmentplot-totalreads	rrna-pct_rrna	subread-abundancereads	subread-expressedgenes	subreadplot-pct_ambiguous	subreadplot-pct_assigned	subreadplot-pct_mappingquality	subreadplot-pct_multimapped	subreadplot-pct_nofeature	subreadplot-pct_unmapped
Hunter_Project_027	151	151	200226_A00223_0330_BH2WT2DSXY	Sample.Aerobic.005.A01	24557588	100000	35.9	35.6	1.03	89.85	0.00	50	151	100000	169.845993	30.056284	74114	82.38	74.11	100000	3.66	77447.0	9997	3.6623636284609	67.3247272569218	0	17.2999521884644	2.15238840352936	9.56056852262355
Hunter_Project_027	151	151	200226_A00223_0330_BH2WT2DSXY	Sample.Aerobic.005.A02	31207884	100000	36.0	35.2	0.94	90.78	0.00	50	151	100000	168.663136	27.579381	72867	81.43	72.87	100000	2.92	76577.0	10043	3.31845947233895	66.3492613611749	0	17.1277563574925	2.26400381232942	10.9405189966642
Hunter_Project_027	151	151	200226_A00223_0330_BH2WT2DSXY	Sample.Aerobic.005.A03	25802689	100000	36.0	35.6	1.00	90.03	0.00	50	151	100000	172.66161	36.573795	75482	83.72	75.48	100000	2.72	78810.0	10002	3.8657471428444	70.3114544951689	0	14.7082177237325	1.99041815732422	9.12416248092999
Hunter_Project_027	151	151	200226_A00223_0330_BH2WT2DSXY	Sample.Aerobic.006.A01	28427058	100000	35.9	35.6	0.94	84.78	0.00	50	151	100000	167.993124	24.798771	69407	76.68	69.41	100000	5.50	71920.0	9352	3.51616250912865	55.2869277779913	0	29.1593957796825	1.3206749433063	10.7168389898912
Hunter_Project_027	151	151	200226_A00223_0330_BH2WT2DSXY	Sample.Aerobic.006.A02	27791914	100000	35.9	35.7	0.92	89.04	0.00	50	151	100000	172.901863	36.664888	72513	80.02	72.51	100000	4.22	75225.0	9699	3.37301587301587	61.931930448528	0	22.8281630771257	1.71738128169663	10.1495093196338
Hunter_Project_027	151	151	200226_A00223_0330_BH2WT2DSXY	Sample.Anaerobic	26941491	100000	35.9	35.5	0.97	91.50	0.00	51	151	100000	170.25835	30.958149	74308	82.65	74.31	100000	4.60	76357.0	9865	3.06421871241882	61.21783051391	0	25.0485047703039	3.20291830353564	7.46652769983164
Hunter_Project_027	151	151	200226_A00223_0330_BH2WT2DSXY	Sample.Anaerobic.006.A03	27883463	100000	36.0	35.4	0.90	86.78	0.00	51	151	100000	169.390008	28.515323	70446	78.20	70.45	100000	7.00	72886.0	9161	2.58292934575212	51.5073565785196	0	36.1002360323944	2.2218139160177	7.58766412731616
Hunter_Project_027	151	151	200226_A00223_0330_BH2WT2DSXY	Sample.Anaerobic.006.A04	28725226	100000	35.9	35.6	0.94	91.17	0.00	51	151	100000	168.564321	27.18766	76883	85.24	76.88	100000	3.60	79909.0	9685	3.63095539039722	67.3348837993158	0	20.4172775839695	2.15295683974586	6.46392638657162
Hunter_Project_027	151	151	200226_A00223_0330_BH2WT2DSXY	Sample.Anaerobic.006.A05	31369992	100000	36.0	35.5	0.94	90.00	0.00	51	151	100000	169.171462	28.294036	75685	83.75	75.69	100000	4.43	79054.0	9593	3.47943558019424	65.1191525465613	0	22.598209210949	1.72406691982636	7.07913574246905
Hunter_Project_027	151	151	200226_A00223_0330_BH2WT2DSXY	Sample.Anaerobic.006.A06	28977475	100000	36.0	35.4	1.03	89.35	0.00	50	151	100000	168.538582	26.565493	74124	82.61	74.12	100000	4.44	77383.0	9771	3.54244450826735	63.4989537603085	0	22.8744922660321	2.14663767283469	7.93747179255734
Hunter_Project_027	151	151	200226_A00223_0330_BH2WT2DSXY	Sample.Anaerobic.006.A07	25736047	100000	35.9	35.5	0.85	93.14	0.00	51	151	100000	171.325649	33.562697	77748	85.87	77.75	100000	2.84	80133.0	9552	3.66428596559125	70.482531752454	0	15.8876614009781	2.66069732259086	7.30482355838581
Hunter_Project_027	151	151	200226_A00223_0330_BH2WT2DSXY	Sample.Anaerobic.CRS.005.A07	27744898	100000	36.0	35.7	0.93	91.67	0.00	51	151	100000	167.649704	24.714165	76052	84.20	76.05	100000	3.91	77454.0	10117	3.30175206665524	63.2066002399197	0	23.6859500085686	3.38417346031124	6.42152422454525
Hunter_Project_027	151	151	200226_A00223_0330_BH2WT2DSXY	Sample.Anaerobic.CRS.005.A08	28545795	100000	36.0	35.5	0.91	91.83	0.00	51	151	100000	169.93783	30.195857	75899	84.06	75.90	100000	3.91	78579.0	9721	3.42687152555612	65.2958626592324	0	21.6539391572422	2.4504956665531	7.1728309914162
Hunter_Project_027	151	151	200226_A00223_0330_BH2WT2DSXY	Sample.Anaerobic.CRS.005.A09	33863103	100000	36.0	35.7	0.87	89.65	0.00	51	151	100000	169.495499	29.715542	76066	83.58	76.07	100000	4.41	78159.0	9425	3.26321424635103	61.5318606225693	0	27.2748027900679	2.25787658830754	5.67224575270426
Hunter_Project_027	151	151	200226_A00223_0330_BH2WT2DSXY	Sample.Anaerobic.CRS.006.A08	29039377	100000	36.0	35.7	0.98	89.59	0.00	51	151	100000	169.394094	28.590689	74725	82.65	74.72	100000	4.87	77072.0	9412	3.31521390545828	61.7920595215188	0	25.5395741132705	2.49743441729203	6.85571804246039
Hunter_Project_027	151	151	200226_A00223_0330_BH2WT2DSXY	Sample.Anaerobic.CRS.006.A09	29085510	100000	35.9	35.4	0.96	91.86	0.00	51	151	100000	168.968834	27.473256	73733	82.67	73.73	100000	3.75	76916.0	9838	3.49200529924927	64.0875875917578	0	21.0061907896381	2.62796103885283	8.78625528050193
undef	151.00	151.00	200226_A00223_0330_BH2WT2DSXY	Mean	28481219.38	100000.00	35.96	35.54	0.94	90.06	0.00	50.62	151.00	100000.00	169.67	29.47	74378.25	82.48	74.38	100000.00	4.17	77117.56	9702.06	3.41	63.52	0.00	22.70	2.30	8.08	
